[last_known]
offsetx = -1.7681855979390094e-16
anglex = -2.1316282072803006e-14
offsety = 1.0085159374284558e-14
angley = 1.5916157281026244e-12

[last_set]
offsetx = 0.0
anglex = 0
offsety = 0.0
angley = 0

